121 JJK 718273.23 3353387.79 0 0 
122 JJK 718293.38 3353388.93 0 0 
123 JJK 718309.27 3353389.20 0 0 
124 JJK 718327.69 3353389.29 0 0 
125 JJK 718348.65 3353392.65 0 0 
126 JJK 718372.39 3353390.41 0 0 
127 JJK 718392.05 3353393.60 0 0 
128 JJK 718407.60 3353392.90 0 0 
129 JJK 718425.77 3353391.75 0 0 
130 JJK 718450.03 3353393.83 0 0 
131 JJK 718469.53 3353397.52 0 0 
132 JJK 718490.78 3353399.21 0 0 
133 JJK 718510.55 3353401.33 0 0 
134 JJK 718533.25 3353399.75 0 0 
135 JJK 718549.95 3353400.34 0 0 
136 JJK 718573.28 3353401.92 0 0 
137 JJK 718589.41 3353406.24 0 0 
138 JJK 718612.94 3353405.00 0 0 
139 JJK 718634.49 3353402.72 0 0 
140 JJK 718649.01 3353408.63 0 0 
141 JJK 718668.28 3353403.60 0 0 
142 JJK 718689.87 3353408.51 0 0 
143 JJK 718707.63 3353408.02 0 0 
144 JJK 718731.78 3353409.65 0 0 
145 JJK 718749.13 3353411.01 0 0 
146 JJK 718766.73 3353413.11 0 0 
147 JJK 718790.03 3353417.03 0 0 
148 JJK 718809.31 3353420.02 0 0 
149 JJK 718827.94 3353416.39 0 0 
150 JJK 718850.88 3353418.77 0 0 
151 JJK 718866.94 3353417.71 0 0 
152 JJK 718890.93 3353420.36 0 0 
153 JJK 718907.69 3353419.72 0 0 
154 JJK 718930.66 3353418.33 0 0 
155 JJK 718947.59 3353419.74 0 0 
156 JJK 718965.45 3353424.35 0 0 
157 JJK 718985.88 3353425.17 0 0 
158 JJK 719008.95 3353425.10 0 0 
159 JJK 719029.33 3353426.59 0 0 
160 JJK 719044.95 3353426.48 0 0 
161 JJK 719068.47 3353426.94 0 0 
162 JJK 719087.86 3353430.64 0 0 
163 JJK 719107.05 3353433.13 0 0 
164 JJK 719126.01 3353432.23 0 0 
165 JJK 719143.88 3353434.68 0 0 
166 JJK 719169.74 3353434.71 0 0 
167 JJK 719186.09 3353438.22 0 0 
168 JJK 719207.83 3353439.91 0 0 
169 JJK 719227.82 3353443.15 0 0 
170 JJK 719251.85 3353444.98 0 0 
171 JJK 719272.89 3353447.19 0 0 
172 JJK 719287.58 3353447.32 0 0 
173 JJK 719310.48 3353448.78 0 0 
174 JJK 719332.61 3353447.91 0 0 
175 JJK 719349.69 3353447.03 0 0 
176 JJK 719371.95 3353452.68 0 0 
177 JJK 719392.75 3353455.76 0 0 
178 JJK 719410.22 3353455.61 0 0 
179 JJK 719428.70 3353453.91 0 0 
180 JJK 719451.34 3353452.96 0 0 
181 JJK 719468.51 3353453.93 0 0 
182 JJK 719490.84 3353454.60 0 0 
183 JJK 719512.65 3353455.00 0 0 
184 JJK 719528.91 3353455.71 0 0 
185 JJK 719544.12 3353454.78 0 0 
186 JJK 719567.82 3353455.14 0 0 
187 JJK 719594.37 3353464.00 0 0 
188 JJK 719610.72 3353461.26 0 0 
189 JJK 719627.31 3353461.02 0 0 
190 JJK 719648.20 3353463.07 0 0 
191 JJK 719665.58 3353467.32 0 0 
192 JJK 719690.23 3353467.15 0 0 
193 JJK 719711.27 3353466.35 0 0 
194 JJK 719728.14 3353468.69 0 0 
195 JJK 719751.51 3353473.46 0 0 
196 JJK 719768.93 3353469.31 0 0 
197 JJK 719790.48 3353480.15 0 0 
198 JJK 719807.85 3353483.27 0 0 
199 JJK 719831.42 3353494.15 0 0 
200 JJK 719851.79 3353494.84 0 0  