S001  17803.46 -339.44 0 0 
S002  17985.33 -251.22 0 0 
S003  18169.23 -169.05 0 0 
S004  18357.09 -92.14 0 0 
S005  18542.20 -11.61 0 0 
S006  18730.34 60.23 0 0 
S007  18921.01 128.71 0 0 
S008  19113.08 192.77 0 0 
S009  19304.61 260.39 0 0 
S010  19498.61 325.45 0 0 
S011  19999.97 531.94 0 0 
S012  20152.15 657.66 0 0 
S013  20292.29 798.83 0 0 
S014  20410.37 963.37 0 0 
S015  20595.16 1056.28 0 0 
S016  20795.11 1103.87 0 0 
S017  20990.31 1155.60 0 0 
S018  21186.85 1193.69 0 0 
S019  21384.99 1244.08 0 0 
S020  21546.87 1361.98 0 0 
S021  21738.98 1424.06 0 0 
S022  22116.42 1346.01 0 0 
S023  22321.38 1287.33 0 0 
S024  22565.39 1390.68 0 0 
S025  22738.24 1486.50 0 0 
S026  23088.46 1649.52 0 0 
S027  23252.97 1762.13 0 0 
S028  23429.21 1859.60 0 0 
S029  23613.24 1943.08 0 0 
S030  23799.29 2031.84 0 0 
S031  23984.11 2114.44 0 0 
S032  24165.69 2222.02 0 0 
S033  24360.77 2289.63 0 0 
S034  24551.14 2195.45 0 0 
S035  24745.13 2142.07 0 0 
S036  24937.41 2225.98 0 0 
S037  25113.71 2192.12 0 0 
S038  25290.35 2148.47 0 0 
S039  25472.74 2099.63 0 0 
S040  25640.67 2058.30 0 0 
S041  25806.93 2004.62 0 0 
S042  25947.06 1905.00 0 0 
S043  26087.06 1793.65 0 0 
S044  26171.63 1947.27 0 0 
S045  26306.32 2067.51 0 0 
S046  26488.73 2076.61 0 0 
S047  26493.07 2251.34 0 0 
S048  26660.47 2343.63 0 0 
S049  26855.10 2390.40 0 0 
S050  26927.89 2210.86 0 0 
S051  27050.66 2046.53 0 0 
S052  27210.43 1980.82 0 0 
S053  27433.47 1870.37 0 0 
S054  27614.79 1869.35 0 0 
S055  27784.98 1893.99 0 0 
S056  28560.30 1796.16 0 0 
S057  28609.95 1595.94 0 0 
S058  28628.53 1421.96 0 0 
S059  28654.42 1272.40 0 0 
S060  28674.93 1076.30 0 0 
S061  28741.28 900.49 0 0 
S062  28905.61 733.30 0 0 
S063  29048.76 656.50 0 0 
S064  29208.44 577.47 0 0 
S065  29373.56 514.35 0 0 
S066  29507.91 401.31 0 0 
S067  29683.43 372.77 0 0 
S068  29977.48 175.78 0 0 
S069  30143.22 125.78 0 0 
S070  30313.08 71.49 0 0 
S071  30469.66 -15.90 0 0 
S072  30637.20 -59.61 0 0 
S073  30815.22 -84.47 0 0 
S074  30969.29 -165.18 0 0 
S075  31127.87 -231.61 0 0 
S076  31299.57 -265.90 0 0 
S077  31467.26 -323.93 0 0 
S078  31620.48 -385.19 0 0 
S079  31784.41 -409.21 0 0 
S080  31941.42 -487.06 0 0 
S081  32106.98 -445.83 0 0 
S082  32289.89 -547.90 0 0 
S083  32359.33 -707.53 0 0 
S084  32590.32 -829.69 0 0 
S085  32748.96 -904.35 0 0 
S086  32918.39 -966.08 0 0 
S087  33080.06 -980.71 0 0 
S088  33240.88 -1010.95 0 0 
S089  33421.45 -1068.96 0 0 
S090  33599.53 -1106.19 0 0 
S091  33785.75 -1123.98 0 0 
S092  33942.19 -1238.02 0 0 
S093  34133.65 -1262.34 0 0 
S094  34309.35 -1283.72 0 0 
S095  34426.82 -1459.72 0 0 
S096  34492.62 -1640.95 0 0 
S097  34667.54 -1552.23 0 0 
S098  34688.90 -1352.06 0 0 
S099  34765.69 -1173.62 0 0 
S100  34879.91 -1016.11 0 0 
S101  35006.58 -849.91 0 0 
S102  35143.52 -730.44 0 0 
S103  35291.13 -631.28 0 0 
S104  35417.70 -468.42 0 0 
S105  35573.26 -378.20 0 0 
S106  35933.41 -235.58 0 0 
S107  36075.60 -155.74 0 0 
S108  36182.89 -15.26 0 0 
S109  36341.71 45.48 0 0 
S110  36504.62 128.37 0 0 
S111  36688.46 165.58 0 0 
S112  36869.82 234.81 0 0 
S113  37045.91 278.34 0 0 
S114  37221.40 284.92 0 0 
S115  37403.48 330.25 0 0 
S116  37594.02 279.30 0 0 
S117  37802.47 269.65 0 0 
S118  37989.17 234.89 0 0 
S119  38193.75 212.44 0 0 
S120  38384.49 289.11 0 0 
S121  38589.58 314.37 0 0 
S122  38795.72 277.68 0 0 
S123  38989.16 266.79 0 0 
S124  39171.57 368.45 0 0 
S125  39370.50 408.34 0 0 
S126  39519.94 532.09 0 0 
S127  39711.58 588.48 0 0 
S128  39916.58 608.24 0 0 
S129  40054.96 685.99 0 0 
S130  40126.52 865.81 0 0 
S131  40210.78 1031.38 0 0 
S132  40310.61 1233.54 0 0 
S133  21935.18 1439.90 0 0 
S134  40384.35 1374.97 0 0 
S135  40455.99 1519.34 0 0 
S136  40551.37 1775.92 0 0 
S137  40726.87 1653.07 0 0 
S138  41042.15 1450.51 0 0 
S139  41673.69 1152.49 0 0 
S140  42134.59 1011.29 0 0 
S141  42560.94 917.77 0 0 
S142  42919.16 839.69 0 0 
S143  43330.12 696.61 0 0 