NJ001 -0.339440E+03 0.178035E+05 0.781199E+02
NJ002 -0.251220E+03 0.179853E+05 0.777308E+02
NJ003 -0.169050E+03 0.181692E+05 0.785526E+02
NJ004 -0.921400E+02 0.183571E+05 0.820756E+02
NJ005 -0.116100E+02 0.185422E+05 0.858248E+02
NJ006 0.602300E+02 0.187303E+05 0.926525E+02
NJ007 0.128710E+03 0.189210E+05 0.998198E+02
NJ008 0.192770E+03 0.191131E+05 0.106698E+03
NJ009 0.260390E+03 0.193046E+05 0.115262E+03
NJ010 0.325450E+03 0.194986E+05 0.122905E+03
NJ011 0.531940E+03 0.200000E+05 0.153321E+03
NJ012 0.657660E+03 0.201522E+05 0.167949E+03
NJ013 0.798830E+03 0.202923E+05 0.179628E+03
NJ014 0.963370E+03 0.204104E+05 0.193644E+03
NJ015 0.105628E+04 0.205952E+05 0.202205E+03
NJ016 0.110387E+04 0.207951E+05 0.209560E+03
NJ017 0.115560E+04 0.209903E+05 0.217888E+03
NJ018 0.119369E+04 0.211869E+05 0.223554E+03
NJ019 0.124408E+04 0.213850E+05 0.232064E+03
NJ020 0.136198E+04 0.215469E+05 0.251563E+03
NJ021 0.142406E+04 0.217390E+05 0.265140E+03
NJ022 0.134601E+04 0.221164E+05 0.279017E+03
NJ023 0.128733E+04 0.223214E+05 0.285386E+03
NJ024 0.139068E+04 0.225654E+05 0.317920E+03
NJ025 0.148650E+04 0.227382E+05 0.341426E+03
NJ026 0.164952E+04 0.230885E+05 0.384870E+03
NJ027 0.176213E+04 0.232530E+05 0.412516E+03
NJ028 0.185960E+04 0.234292E+05 0.432655E+03
NJ029 0.194308E+04 0.236132E+05 0.454088E+03
NJ030 0.203184E+04 0.237993E+05 0.476105E+03
NJ031 0.211444E+04 0.239841E+05 0.500176E+03
NJ032 0.222202E+04 0.241657E+05 0.527142E+03
NJ033 0.228963E+04 0.243608E+05 0.553114E+03
NJ034 0.219545E+04 0.245511E+05 0.564135E+03
NJ035 0.214207E+04 0.247451E+05 0.575993E+03
NJ036 0.222598E+04 0.249374E+05 0.601844E+03
NJ037 0.219212E+04 0.251137E+05 0.613188E+03
NJ038 0.214847E+04 0.252903E+05 0.620162E+03
NJ039 0.209963E+04 0.254727E+05 0.624855E+03
NJ040 0.205830E+04 0.256407E+05 0.628669E+03
NJ041 0.200462E+04 0.258069E+05 0.627415E+03
NJ042 0.190500E+04 0.259471E+05 0.622178E+03
NJ043 0.179365E+04 0.260871E+05 0.615548E+03
NJ044 0.194727E+04 0.261716E+05 0.616053E+03
NJ045 0.206751E+04 0.263063E+05 0.609331E+03
NJ046 0.207661E+04 0.264887E+05 0.597203E+03
NJ047 0.225134E+04 0.264931E+05 0.597409E+03
NJ048 0.234363E+04 0.266605E+05 0.578457E+03
NJ049 0.239040E+04 0.268551E+05 0.554718E+03
NJ050 0.221086E+04 0.269279E+05 0.547493E+03
NJ051 0.204653E+04 0.270507E+05 0.535773E+03
NJ052 0.198082E+04 0.272104E+05 0.517654E+03
NJ053 0.187037E+04 0.274335E+05 0.496304E+03
NJ054 0.186935E+04 0.276148E+05 0.477036E+03
NJ055 0.189399E+04 0.277850E+05 0.463769E+03
NJ056 0.179616E+04 0.285603E+05 0.461279E+03
NJ057 0.159594E+04 0.286099E+05 0.452114E+03
NJ058 0.142196E+04 0.286285E+05 0.445244E+03
NJ059 0.127240E+04 0.286544E+05 0.441000E+03
NJ060 0.107630E+04 0.286749E+05 0.436941E+03
NJ061 0.900490E+03 0.287413E+05 0.434835E+03
NJ062 0.733300E+03 0.289056E+05 0.431863E+03
NJ063 0.656500E+03 0.290488E+05 0.430740E+03
NJ064 0.577470E+03 0.292084E+05 0.429890E+03
NJ065 0.514350E+03 0.293736E+05 0.431560E+03
NJ066 0.401310E+03 0.295079E+05 0.433107E+03
NJ067 0.372770E+03 0.296834E+05 0.433905E+03
NJ068 0.175780E+03 0.299775E+05 0.434191E+03
NJ069 0.125780E+03 0.301432E+05 0.431861E+03
NJ070 0.714900E+02 0.303131E+05 0.427280E+03
NJ071 -0.159000E+02 0.304697E+05 0.421992E+03
NJ072 -0.596100E+02 0.306372E+05 0.416668E+03
NJ073 -0.844700E+02 0.308152E+05 0.408527E+03
NJ074 -0.165180E+03 0.309693E+05 0.399554E+03
NJ075 -0.231610E+03 0.311279E+05 0.390496E+03
NJ076 -0.265900E+03 0.312996E+05 0.381507E+03
NJ077 -0.323930E+03 0.314673E+05 0.368079E+03
NJ078 -0.385190E+03 0.316205E+05 0.354878E+03
NJ079 -0.409210E+03 0.317844E+05 0.341097E+03
NJ080 -0.487060E+03 0.319414E+05 0.328444E+03
NJ081 -0.445830E+03 0.321070E+05 0.317975E+03
NJ082 -0.547900E+03 0.322899E+05 0.300805E+03
NJ083 -0.707530E+03 0.323593E+05 0.289291E+03
NJ084 -0.829690E+03 0.325903E+05 0.270850E+03
NJ085 -0.904350E+03 0.327490E+05 0.260192E+03
NJ086 -0.966080E+03 0.329184E+05 0.244330E+03
NJ087 -0.980710E+03 0.330801E+05 0.228657E+03
NJ088 -0.101095E+04 0.332409E+05 0.212517E+03
NJ089 -0.106896E+04 0.334214E+05 0.192135E+03
NJ090 -0.110619E+04 0.335995E+05 0.169479E+03
NJ091 -0.112398E+04 0.337857E+05 0.143929E+03
NJ092 -0.123802E+04 0.339422E+05 0.124806E+03
NJ093 -0.126234E+04 0.341336E+05 0.107594E+03
NJ094 -0.128372E+04 0.343093E+05 0.967695E+02
NJ095 -0.145972E+04 0.344268E+05 0.106563E+03
NJ096 -0.164095E+04 0.344926E+05 0.126274E+03
NJ097 -0.155223E+04 0.346675E+05 0.129334E+03
NJ098 -0.135206E+04 0.346889E+05 0.107671E+03
NJ099 -0.117362E+04 0.347657E+05 0.943406E+02
NJ100 -0.101611E+04 0.348799E+05 0.878866E+02
NJ101 -0.849910E+03 0.350066E+05 0.807328E+02
NJ102 -0.730440E+03 0.351435E+05 0.807081E+02
NJ103 -0.631280E+03 0.352911E+05 0.773876E+02
NJ104 -0.468420E+03 0.354177E+05 0.694263E+02
NJ105 -0.378200E+03 0.355733E+05 0.630094E+02
NJ106 -0.235580E+03 0.359334E+05 0.453542E+02
NJ107 -0.155740E+03 0.360756E+05 0.352612E+02
NJ108 -0.152600E+02 0.361829E+05 0.111547E+02
NJ109 0.454800E+02 0.363417E+05 -0.560822E+01
NJ110 0.128370E+03 0.365046E+05 -0.325118E+02
NJ111 0.165580E+03 0.366885E+05 -0.563429E+02
NJ112 0.234810E+03 0.368698E+05 -0.826882E+02
NJ113 0.278340E+03 0.370459E+05 -0.105715E+03
NJ114 0.284920E+03 0.372214E+05 -0.125505E+03
NJ115 0.330250E+03 0.374035E+05 -0.150645E+03
NJ116 0.279300E+03 0.375940E+05 -0.162181E+03
NJ117 0.269650E+03 0.378025E+05 -0.186863E+03
NJ118 0.234890E+03 0.379892E+05 -0.204547E+03
NJ119 0.212440E+03 0.381938E+05 -0.228342E+03
NJ120 0.289110E+03 0.383845E+05 -0.254592E+03
NJ121 0.314370E+03 0.385896E+05 -0.280008E+03
NJ122 0.277680E+03 0.387957E+05 -0.301594E+03
NJ123 0.266790E+03 0.389892E+05 -0.326100E+03
NJ124 0.368450E+03 0.391716E+05 -0.355207E+03
NJ125 0.408340E+03 0.393705E+05 -0.377743E+03
NJ126 0.532090E+03 0.395199E+05 -0.389816E+03
NJ127 0.588480E+03 0.397116E+05 -0.397658E+03
NJ128 0.608240E+03 0.399166E+05 -0.395354E+03
NJ129 0.685990E+03 0.400550E+05 -0.389080E+03
NJ130 0.865810E+03 0.401265E+05 -0.391781E+03
NJ131 0.103138E+04 0.402108E+05 -0.394650E+03
NJ132 0.123354E+04 0.403106E+05 -0.398102E+03
NJ133 0.143990E+04 0.219352E+05 0.276156E+03
NJ134 0.137497E+04 0.403844E+05 -0.406823E+03
NJ135 0.151934E+04 0.404560E+05 -0.414246E+03
NJ136 0.177592E+04 0.405514E+05 -0.430838E+03
NJ137 0.165307E+04 0.407269E+05 -0.397244E+03
NJ138 0.145051E+04 0.410421E+05 -0.300850E+03
NJ139 0.115249E+04 0.416737E+05 -0.789088E+02
NJ140 0.101129E+04 0.421346E+05 0.394755E+02
NJ141 0.917770E+03 0.425609E+05 0.120803E+03
NJ142 0.839690E+03 0.429192E+05 0.179209E+03
NJ143 0.696610E+03 0.433301E+05 0.247427E+03
ZK133 -0.226130E+03 0.115788E+05 0.623954E+02
ZK134 -0.120396E+04 0.142040E+05 0.374098E+02
ZK158 -0.188620E+03 0.590362E+05 -0.112726E+04
ZK159 -0.641130E+03 0.578760E+05 -0.109837E+04
ZK164 -0.289860E+03 0.577548E+05 -0.106954E+04
